10
9
0 0.0718558 0.0501528 0 0 0 0.089244 0 0.0999726 0 
0 0 0.0637629 0.0830542 0.0662259 0 0.0719939 0 0 0.0862533 
0 0 0 0.0695651 0.077965 0.0879726 0.081578 0 0.0673935 0 
0 0 0 0 0.0594534 0 0 0 0.0585733 0.0799665 
0 0 0 0 0 0.0884249 0.0875633 0.0666939 0 0.0973029 
0 0 0 0 0 0 0.0703676 0 0.0814923 0.0571618 
0 0 0 0 0 0 0 0 0.0559908 0 
0 0 0 0 0 0 0 0 0.0773314 0 
0 0 0 0 0 0 0 0 0 0.0921608 
0 0 0 0 0 0 0 0 0 0 
64.3743 220.564 229.806 137.207 365.061 243.964 244.278 194.657 76.469 77.0358 
1536 1228 300 266 80 80 80 70 32 
0.0419104 0.0524221 0.214581 0.242009 0.804679 0.804679 0.804679 0.919633 2.0117 
0.143597 0.179613 0.735215 0.82919 2.75706 2.75706 2.75706 3.15092 6.89264 
0.149613 0.187138 0.766019 0.863932 2.87257 2.87257 2.87257 3.28294 7.18143 
0.0893274 0.111732 0.457356 0.515815 1.71509 1.71509 1.71509 1.9601 4.28772 
0.23767 0.297281 1.21687 1.37241 4.56326 4.56326 4.56326 5.21516 11.4082 
0.158831 0.198668 0.813215 0.917159 3.04955 3.04955 3.04955 3.48521 7.62389 
0.159035 0.198923 0.814259 0.918337 3.05347 3.05347 3.05347 3.48968 7.63368 
0.12673 0.158516 0.648858 0.731794 2.43322 2.43322 2.43322 2.78082 6.08304 
0.0497845 0.0622712 0.254897 0.287478 0.955863 0.955863 0.955863 1.09241 2.38966 
0.0501535 0.0627327 0.256786 0.289608 0.962948 0.962948 0.962948 1.10051 2.40737 
