10
3
0 0.0534064 0 0 0 0.0540961 0.0932251 0.0557635 0.0741655 0.0936838 
0 0 0 0 0.0865578 0.0750315 0.0949661 0.0910502 0 0.076062 
0 0 0 0 0 0 0.067594 0.0581012 0.0988397 0.0799107 
0 0 0 0 0.0980956 0.0745201 0.0632177 0.0858718 0.0543355 0 
0 0 0 0 0 0 0.0916131 0.0677148 0.0919095 0.0605052 
0 0 0 0 0 0 0.0646787 0.0728057 0 0 
0 0 0 0 0 0 0 0 0.0856353 0.0678957 
0 0 0 0 0 0 0 0 0.0978042 0.0878966 
0 0 0 0 0 0 0 0 0 0.0657104 
0 0 0 0 0 0 0 0 0 0 
38.6404 112.864 237.467 89.3534 272.905 165.114 373.576 98.28 342.141 176.474 
1331 1331 300 
0.0290311 0.0290311 0.128801 
0.0847964 0.0847964 0.376213 
0.178412 0.178412 0.791557 
0.0671325 0.0671325 0.297845 
0.205038 0.205038 0.909684 
0.124053 0.124053 0.55038 
0.280673 0.280673 1.24525 
0.0738393 0.0738393 0.3276 
0.257056 0.257056 1.14047 
0.132588 0.132588 0.588248 
